Detector Model: 918D-SL-OD3
Detector SN: 10632
IDN: NEWPORT 1918-C v2.1.7 09/05/08 SN10033
Wavelength: 400
Attenuator Status: Off
Range Mode: Auto
Store Interval: 910
Analog Filter: 5Hz
Digital Filter: 0
Mode: CW Continuous
Responsivity: 1.463623E-001
Units: W
End of Header
1.623106E-006
1.624150E-006
1.622063E-006
1.623628E-006
1.624150E-006
1.623106E-006
1.624150E-006
1.623628E-006
1.624150E-006
1.624150E-006
1.625193E-006
1.624150E-006
1.625193E-006
1.624150E-006
1.625193E-006
1.624671E-006
1.625193E-006
1.624150E-006
1.624150E-006
1.625193E-006
1.624150E-006
1.624671E-006
1.624671E-006
1.624150E-006
1.625193E-006
1.624150E-006
1.624150E-006
1.624150E-006
1.623628E-006
1.624150E-006
1.623628E-006
1.623628E-006
1.624671E-006
1.624150E-006
1.624671E-006
1.624671E-006
1.624671E-006
1.625715E-006
1.623628E-006
1.625193E-006
1.623628E-006
1.625193E-006
1.624150E-006
1.624150E-006
1.624150E-006
1.624671E-006
1.623628E-006
1.624150E-006
1.624671E-006
1.624150E-006
1.623628E-006
1.623106E-006
1.623106E-006
1.623628E-006
1.623106E-006
1.623628E-006
1.623628E-006
1.623628E-006
1.623106E-006
1.623628E-006
1.623628E-006
1.623628E-006
1.623628E-006
1.623628E-006
1.622584E-006
1.623628E-006
1.622584E-006
1.624671E-006
1.624671E-006
1.623106E-006
1.623106E-006
1.624150E-006
1.624671E-006
1.623106E-006
1.623628E-006
1.624671E-006
1.624671E-006
1.624150E-006
1.624150E-006
1.622584E-006
1.625193E-006
1.622584E-006
1.624671E-006
1.624150E-006
1.623106E-006
1.624150E-006
1.624150E-006
1.623628E-006
1.623106E-006
1.624150E-006
1.623628E-006
1.624671E-006
1.623628E-006
1.623628E-006
1.623628E-006
1.624671E-006
1.623628E-006
1.624150E-006
1.624150E-006
1.624671E-006
1.623628E-006
1.622063E-006
1.624150E-006
1.623628E-006
1.623106E-006
1.623106E-006
1.624150E-006
1.622584E-006
1.623106E-006
1.622063E-006
1.622063E-006
1.622063E-006
1.622584E-006
1.622584E-006
1.623106E-006
1.622584E-006
1.623628E-006
1.623106E-006
1.622063E-006
1.623106E-006
1.622063E-006
1.623106E-006
1.622063E-006
1.622063E-006
1.623106E-006
1.623106E-006
1.623106E-006
1.623106E-006
1.623106E-006
1.623106E-006
1.623628E-006
1.623628E-006
1.623106E-006
1.623106E-006
1.622584E-006
1.623628E-006
1.621541E-006
1.622063E-006
1.622063E-006
1.622584E-006
1.621541E-006
1.623106E-006
1.623628E-006
1.622584E-006
1.623628E-006
1.622063E-006
1.622063E-006
1.622584E-006
1.623628E-006
1.624150E-006
1.622063E-006
1.623628E-006
1.622584E-006
1.622063E-006
1.621541E-006
1.622063E-006
1.622584E-006
1.623628E-006
1.622584E-006
1.622063E-006
1.623628E-006
1.623106E-006
1.623628E-006
1.622063E-006
1.622584E-006
1.622584E-006
1.622584E-006
1.622063E-006
1.622584E-006
1.622584E-006
1.622584E-006
1.622584E-006
1.622584E-006
1.623628E-006
1.623106E-006
1.623628E-006
1.622063E-006
1.623106E-006
1.622584E-006
1.623106E-006
1.622584E-006
1.623106E-006
1.622584E-006
1.622063E-006
1.622584E-006
1.622063E-006
1.622063E-006
1.622584E-006
1.623106E-006
1.622584E-006
1.623106E-006
1.622584E-006
1.622063E-006
1.622063E-006
1.623106E-006
1.621019E-006
1.621019E-006
1.621019E-006
1.621541E-006
1.622584E-006
1.622584E-006
1.622063E-006
1.622063E-006
1.623628E-006
1.623628E-006
1.622584E-006
1.623106E-006
1.622584E-006
1.622063E-006
1.623106E-006
1.621541E-006
1.622063E-006
1.622063E-006
1.621019E-006
1.622584E-006
1.621541E-006
1.623106E-006
1.622063E-006
1.622584E-006
1.622063E-006
1.622063E-006
1.621019E-006
1.622584E-006
1.621541E-006
1.620498E-006
1.622063E-006
1.622584E-006
1.621541E-006
1.622063E-006
1.621019E-006
1.621019E-006
1.621541E-006
1.620498E-006
1.622063E-006
1.620498E-006
1.622063E-006
1.622584E-006
1.622063E-006
1.621541E-006
1.621541E-006
1.622063E-006
1.621541E-006
1.622584E-006
1.621019E-006
1.622584E-006
1.621541E-006
1.621019E-006
1.620498E-006
1.621541E-006
1.622063E-006
1.622063E-006
1.622063E-006
1.622584E-006
1.620498E-006
1.622584E-006
1.619976E-006
1.622063E-006
1.620498E-006
1.622063E-006
1.621019E-006
1.621019E-006
1.622063E-006
1.620498E-006
1.622063E-006
1.621019E-006
1.621541E-006
1.621019E-006
1.622063E-006
1.620498E-006
1.621019E-006
1.621019E-006
1.621541E-006
1.621019E-006
1.622063E-006
1.620498E-006
1.620498E-006
1.620498E-006
1.621541E-006
1.621541E-006
1.620498E-006
1.620498E-006
1.620498E-006
1.621019E-006
1.621019E-006
1.620498E-006
1.621019E-006
1.622063E-006
1.621541E-006
1.621541E-006
1.622063E-006
1.620498E-006
1.621019E-006
1.620498E-006
1.619976E-006
1.621541E-006
1.620498E-006
1.621019E-006
1.621019E-006
1.621019E-006
1.621541E-006
1.622584E-006
1.621019E-006
1.621019E-006
1.621019E-006
1.621019E-006
1.619976E-006
1.619976E-006
1.620498E-006
1.621019E-006
1.621019E-006
1.622063E-006
1.622063E-006
1.621019E-006
1.621019E-006
1.621019E-006
1.621541E-006
1.621019E-006
1.621019E-006
1.619454E-006
1.619454E-006
1.620498E-006
1.619976E-006
1.622063E-006
1.621019E-006
1.621541E-006
1.621019E-006
1.622063E-006
1.621019E-006
1.621019E-006
1.621019E-006
1.620498E-006
1.619976E-006
1.621541E-006
1.621019E-006
1.621019E-006
1.622584E-006
1.621019E-006
1.622063E-006
1.621019E-006
1.621019E-006
1.620498E-006
1.621541E-006
1.621541E-006
1.621019E-006
1.620498E-006
1.621019E-006
1.619454E-006
1.621019E-006
1.619976E-006
1.621019E-006
1.621541E-006
1.619454E-006
1.621541E-006
1.621019E-006
1.620498E-006
1.618932E-006
1.619976E-006
1.619976E-006
1.621541E-006
1.619976E-006
1.619976E-006
1.619976E-006
1.621019E-006
1.619454E-006
1.621541E-006
1.620498E-006
1.621019E-006
1.620498E-006
1.620498E-006
1.619976E-006
1.619454E-006
1.619976E-006
1.619976E-006
1.621541E-006
1.620498E-006
1.620498E-006
1.621019E-006
1.620498E-006
1.621019E-006
1.621019E-006
1.620498E-006
1.621019E-006
1.621541E-006
1.620498E-006
1.621019E-006
1.621019E-006
1.620498E-006
1.619976E-006
1.619976E-006
1.620498E-006
1.621019E-006
1.620498E-006
1.621541E-006
1.620498E-006
1.621541E-006
1.620498E-006
1.619454E-006
1.619454E-006
1.621019E-006
1.620498E-006
1.619454E-006
1.621019E-006
1.619454E-006
1.619976E-006
1.620498E-006
1.619976E-006
1.619976E-006
1.619454E-006
1.618932E-006
1.619454E-006
1.619976E-006
1.619976E-006
1.621019E-006
1.621019E-006
1.620498E-006
1.619976E-006
1.620498E-006
1.618932E-006
1.621019E-006
1.620498E-006
1.620498E-006
1.619454E-006
1.619454E-006
1.619976E-006
1.619454E-006
1.619454E-006
1.619454E-006
1.621019E-006
1.620498E-006
1.619976E-006
1.618932E-006
1.619976E-006
1.619454E-006
1.620498E-006
1.618932E-006
1.620498E-006
1.619454E-006
1.619454E-006
1.619976E-006
1.618411E-006
1.618932E-006
1.620498E-006
1.618932E-006
1.619976E-006
1.619976E-006
1.618932E-006
1.619454E-006
1.617889E-006
1.618411E-006
1.619454E-006
1.618411E-006
1.618932E-006
1.619454E-006
1.618932E-006
1.619454E-006
1.619976E-006
1.618932E-006
1.619454E-006
1.619454E-006
1.619454E-006
1.619454E-006
1.618932E-006
1.619976E-006
1.618932E-006
1.619976E-006
1.618932E-006
1.619454E-006
1.621019E-006
1.619454E-006
1.618932E-006
1.620498E-006
1.618932E-006
1.618411E-006
1.617889E-006
1.618932E-006
1.619976E-006
1.620498E-006
1.619454E-006
1.618932E-006
1.620498E-006
1.619454E-006
1.618932E-006
1.619454E-006
1.618411E-006
1.618932E-006
1.618932E-006
1.618932E-006
1.619454E-006
1.619454E-006
1.618411E-006
1.619976E-006
1.619976E-006
1.618411E-006
1.619976E-006
1.617889E-006
1.619976E-006
1.619454E-006
1.620498E-006
1.619454E-006
1.618411E-006
1.618932E-006
1.619454E-006
1.618932E-006
1.617889E-006
1.618411E-006
1.618932E-006
1.619454E-006
1.618411E-006
1.618411E-006
1.618932E-006
1.618932E-006
1.618932E-006
1.618932E-006
1.618411E-006
1.618411E-006
1.620498E-006
1.619454E-006
1.618411E-006
1.618411E-006
1.619976E-006
1.618411E-006
1.618411E-006
1.618932E-006
1.618411E-006
1.618932E-006
1.617889E-006
1.618932E-006
1.617889E-006
1.618932E-006
1.618932E-006
1.617367E-006
1.617889E-006
1.618411E-006
1.618932E-006
1.619454E-006
1.618411E-006
1.618411E-006
1.617889E-006
1.617889E-006
1.617367E-006
1.618411E-006
1.617889E-006
1.618932E-006
1.618932E-006
1.619454E-006
1.618932E-006
1.617889E-006
1.618932E-006
1.617889E-006
1.618932E-006
1.617889E-006
1.618932E-006
1.617889E-006
1.618411E-006
1.618932E-006
1.617889E-006
1.618411E-006
1.617889E-006
1.619454E-006
1.617889E-006
1.617367E-006
1.617889E-006
1.618411E-006
1.617367E-006
1.618932E-006
1.617367E-006
1.618411E-006
1.619454E-006
1.617889E-006
1.618932E-006
1.619454E-006
1.617889E-006
1.617889E-006
1.618932E-006
1.617889E-006
1.618932E-006
1.617889E-006
1.617889E-006
1.618932E-006
1.618411E-006
1.619976E-006
1.618932E-006
1.618411E-006
1.618932E-006
1.617889E-006
1.618932E-006
1.618411E-006
1.618932E-006
1.618932E-006
1.617367E-006
1.618411E-006
1.617889E-006
1.618411E-006
1.616845E-006
1.618932E-006
1.617889E-006
1.617367E-006
1.617889E-006
1.618932E-006
1.616845E-006
1.618411E-006
1.619454E-006
1.617889E-006
1.618932E-006
1.618411E-006
1.618411E-006
1.617367E-006
1.618932E-006
1.616845E-006
1.617889E-006
1.616845E-006
1.618411E-006
1.617367E-006
1.617889E-006
1.618411E-006
1.616845E-006
1.617367E-006
1.618411E-006
1.618411E-006
1.618411E-006
1.618411E-006
1.616324E-006
1.617889E-006
1.616324E-006
1.618411E-006
1.615802E-006
1.617367E-006
1.618411E-006
1.617889E-006
1.616845E-006
1.616324E-006
1.617367E-006
1.617367E-006
1.617889E-006
1.617889E-006
1.618411E-006
1.616845E-006
1.617889E-006
1.616845E-006
1.617889E-006
1.617889E-006
1.617367E-006
1.617367E-006
1.617889E-006
1.618932E-006
1.616845E-006
1.616324E-006
1.616845E-006
1.618411E-006
1.617889E-006
1.617889E-006
1.617889E-006
1.617889E-006
1.617367E-006
1.617367E-006
1.617889E-006
1.617889E-006
1.617367E-006
1.616845E-006
1.616324E-006
1.616324E-006
1.617889E-006
1.617367E-006
1.616324E-006
1.617367E-006
1.615802E-006
1.617889E-006
1.615802E-006
1.618411E-006
1.617889E-006
1.617889E-006
1.616845E-006
1.617367E-006
1.616845E-006
1.617367E-006
1.616845E-006
1.617889E-006
1.616845E-006
1.617889E-006
1.617367E-006
1.615802E-006
1.616845E-006
1.617367E-006
1.617367E-006
1.616324E-006
1.616324E-006
1.616324E-006
1.616845E-006
1.617889E-006
1.616324E-006
1.616845E-006
1.616845E-006
1.618411E-006
1.615802E-006
1.617889E-006
1.615280E-006
1.617889E-006
1.616845E-006
1.616324E-006
1.615802E-006
1.617367E-006
1.617367E-006
1.617367E-006
1.616845E-006
1.616324E-006
1.615802E-006
1.616324E-006
1.616324E-006
1.615802E-006
1.615802E-006
1.617889E-006
1.617889E-006
1.616324E-006
1.617367E-006
1.616324E-006
1.616845E-006
1.616324E-006
1.616324E-006
1.617367E-006
1.617367E-006
1.615280E-006
1.616845E-006
1.615802E-006
1.616324E-006
1.616845E-006
1.616845E-006
1.616845E-006
1.616324E-006
1.615802E-006
1.615802E-006
1.616324E-006
1.615280E-006
1.615802E-006
1.616324E-006
1.615280E-006
1.615280E-006
1.616324E-006
1.615802E-006
1.616324E-006
1.615280E-006
1.616845E-006
1.617889E-006
1.615280E-006
1.615280E-006
1.615802E-006
1.615280E-006
1.614759E-006
1.616845E-006
1.617367E-006
1.615280E-006
1.616845E-006
1.616324E-006
1.616324E-006
1.615802E-006
1.616324E-006
1.616845E-006
1.615802E-006
1.614237E-006
1.614759E-006
1.614237E-006
1.614759E-006
1.614237E-006
1.614759E-006
1.614759E-006
1.615280E-006
1.616324E-006
1.614759E-006
1.614759E-006
1.615280E-006
1.616324E-006
1.613715E-006
1.615802E-006
1.614759E-006
1.614759E-006
1.615280E-006
1.614759E-006
1.616324E-006
1.615280E-006
1.616324E-006
1.614759E-006
1.614237E-006
1.614759E-006
1.615802E-006
1.614759E-006
1.614237E-006
1.615280E-006
1.615802E-006
1.614759E-006
1.615280E-006
1.614759E-006
1.614759E-006
1.614759E-006
1.614759E-006
1.615280E-006
1.613715E-006
1.615802E-006
1.615280E-006
1.614759E-006
1.614759E-006
1.615280E-006
1.616324E-006
1.614237E-006
1.614759E-006
1.615280E-006
1.616324E-006
1.614759E-006
1.615280E-006
1.614759E-006
1.613715E-006
1.613715E-006
1.615280E-006
1.613193E-006
1.614237E-006
1.614759E-006
1.615280E-006
1.614237E-006
1.614237E-006
1.614759E-006
1.614237E-006
1.613715E-006
1.614237E-006
1.614759E-006
1.614237E-006
1.614237E-006
1.613715E-006
1.613715E-006
1.613193E-006
1.614759E-006
1.614237E-006
1.613715E-006
1.614759E-006
1.614759E-006
1.614237E-006
1.614237E-006
1.615280E-006
1.614237E-006
1.615802E-006
1.614759E-006
1.615802E-006
1.614759E-006
1.615280E-006
1.614237E-006
1.615280E-006
1.614759E-006
1.614237E-006
1.613715E-006
1.613715E-006
1.615280E-006
1.614237E-006
1.613715E-006
1.613193E-006
1.614237E-006
1.613715E-006
1.614759E-006
1.614237E-006
1.612672E-006
1.614759E-006
1.614759E-006
1.614237E-006
1.613715E-006
1.614759E-006
1.613715E-006
1.613193E-006
1.614237E-006
1.613715E-006
1.614237E-006
1.613193E-006
1.614237E-006
1.614237E-006
1.613715E-006
1.614237E-006
1.614237E-006
1.613193E-006
1.612672E-006
1.613193E-006
1.614237E-006
1.612672E-006
1.613715E-006
1.614237E-006
1.614237E-006
1.613715E-006
1.613193E-006
1.613715E-006
1.613715E-006
1.613715E-006
1.613193E-006
1.613193E-006
1.614237E-006
1.613715E-006
1.613715E-006
1.613715E-006
1.614237E-006
1.614237E-006
1.614237E-006
1.612672E-006
1.614237E-006
1.613715E-006
1.613715E-006
1.612672E-006
1.614237E-006
1.612150E-006
1.614237E-006
1.612150E-006
1.612672E-006
1.614237E-006
1.613193E-006
1.613715E-006
1.613715E-006
1.613715E-006
1.613715E-006
1.613715E-006
1.612672E-006
1.613193E-006
1.612150E-006
1.613193E-006
1.612672E-006
1.613193E-006
1.612672E-006
1.613193E-006
1.613193E-006
1.613193E-006
1.613193E-006
1.614237E-006
1.613193E-006
1.613715E-006
1.611628E-006
1.613193E-006
1.613193E-006
1.613193E-006
1.612672E-006
1.614237E-006
1.612672E-006
1.613193E-006
1.612672E-006
1.612672E-006
1.614237E-006
1.612672E-006
1.612672E-006
1.612672E-006
1.613193E-006
1.613193E-006
1.613715E-006
1.613715E-006
1.613715E-006
1.613193E-006
1.613193E-006
1.613193E-006
1.611628E-006
1.612150E-006
1.611628E-006
1.613715E-006
1.612672E-006
1.612150E-006
1.612150E-006
1.612150E-006
1.613715E-006
1.612672E-006
1.613193E-006
1.613715E-006
1.614237E-006
1.612150E-006
1.612672E-006
1.612672E-006
1.612150E-006
1.612672E-006
1.612150E-006
1.612150E-006
1.611628E-006
1.613715E-006
1.613715E-006
1.613715E-006
1.612672E-006
1.612150E-006
1.612672E-006
1.612672E-006
1.612672E-006
1.612150E-006
1.612672E-006
1.611106E-006
1.611628E-006
1.612150E-006
1.612672E-006
1.612150E-006
1.611628E-006
1.612672E-006
1.612672E-006
1.612150E-006
1.612150E-006
1.612150E-006
1.612150E-006
1.611628E-006
1.612150E-006
1.612672E-006
1.612150E-006
1.612672E-006
1.612150E-006
1.612672E-006
1.611628E-006
1.613193E-006
1.612150E-006
1.612150E-006
1.611628E-006
1.612150E-006
1.612150E-006
1.611628E-006
1.612672E-006
1.611628E-006
1.612672E-006
1.612150E-006
1.612672E-006
1.612150E-006
1.611106E-006
1.611628E-006
1.612672E-006
1.611106E-006
1.612672E-006
1.612150E-006
1.612150E-006
1.611628E-006
1.611628E-006
1.611628E-006
1.611628E-006
1.612150E-006
1.611106E-006
1.612672E-006
1.611106E-006
1.611628E-006
1.612150E-006
1.610585E-006
1.612150E-006
1.611628E-006
1.612672E-006
1.611628E-006
1.611628E-006
1.611628E-006
1.610063E-006
1.611628E-006
1.612150E-006
1.612150E-006
1.612672E-006
1.611628E-006
1.612150E-006
1.611628E-006
1.612150E-006
1.611106E-006
1.611628E-006
1.611106E-006
1.612150E-006
1.611106E-006
1.610585E-006
1.611106E-006
1.610585E-006
1.612150E-006
1.611628E-006
1.611628E-006
1.610063E-006
1.611106E-006
1.611628E-006
1.611628E-006
1.611106E-006
1.611106E-006
1.610585E-006
1.610063E-006
1.610585E-006
1.611106E-006
1.611106E-006
1.610585E-006
1.611628E-006
1.611628E-006
1.611628E-006
1.610585E-006
1.611106E-006
1.610063E-006
1.611106E-006
1.611106E-006
1.611628E-006
1.610063E-006
1.610063E-006
1.612150E-006
1.611106E-006
1.610585E-006
1.610063E-006
1.611628E-006
1.610063E-006
1.610585E-006
1.610063E-006
1.610585E-006
1.610585E-006
1.610585E-006
1.610585E-006
1.610063E-006
1.611628E-006
1.610585E-006
1.611106E-006
1.610063E-006
1.611628E-006
1.610585E-006
1.610063E-006
1.610585E-006
1.611106E-006
1.610585E-006
1.611106E-006
1.610585E-006
1.609019E-006
1.610063E-006
1.610063E-006
1.611106E-006
1.610585E-006
1.610585E-006
1.611106E-006
1.610063E-006
1.610063E-006
1.609019E-006
1.609541E-006
1.611106E-006
1.611106E-006
1.609019E-006
1.610063E-006
1.610063E-006
1.610063E-006
1.610585E-006
1.610585E-006
1.610063E-006
1.611628E-006
1.610063E-006
1.610585E-006
1.609019E-006
1.609541E-006
1.610063E-006
1.610063E-006
1.610585E-006
1.610063E-006
1.609541E-006
1.610585E-006
1.611628E-006
1.609541E-006
1.610585E-006
1.610585E-006
1.611106E-006
1.609019E-006
1.611106E-006
1.610585E-006
1.610585E-006
1.610585E-006
1.610063E-006
1.610585E-006
1.609019E-006
1.609541E-006
1.610063E-006
1.609019E-006
1.609541E-006
1.610585E-006
1.610063E-006
1.609541E-006
1.609019E-006
1.610063E-006
1.609541E-006
1.611106E-006
1.608498E-006
1.610585E-006
1.609541E-006
1.609541E-006
1.610063E-006
1.610063E-006
1.609541E-006
1.609541E-006
1.610063E-006
1.609541E-006
1.609019E-006
1.610063E-006
1.609019E-006
1.609541E-006
1.609019E-006
1.610063E-006
1.608498E-006
1.609019E-006
1.610063E-006
1.610585E-006
1.608498E-006
1.610063E-006
1.608498E-006
1.609019E-006
1.609541E-006
1.609541E-006
1.608498E-006
1.610063E-006
1.607976E-006
1.609541E-006
1.610063E-006
1.609541E-006
1.610063E-006
1.610063E-006
1.610063E-006
1.609541E-006
1.609019E-006
1.609541E-006
1.609541E-006
1.607454E-006
1.609019E-006
1.609019E-006
1.607976E-006
1.609541E-006
1.609541E-006
1.609541E-006
1.609541E-006
1.608498E-006
1.607976E-006
1.609019E-006
1.607976E-006
1.610063E-006
1.609541E-006
1.609541E-006
1.608498E-006
1.609019E-006
1.609541E-006
1.607976E-006
1.609019E-006
1.607976E-006
1.609019E-006
1.608498E-006
1.609541E-006
1.609019E-006
1.608498E-006
1.609541E-006
1.609019E-006
1.609019E-006
1.608498E-006
1.610063E-006
1.609541E-006
1.609541E-006
1.609541E-006
1.609541E-006
1.607976E-006
1.608498E-006
1.608498E-006
1.608498E-006
1.609019E-006
1.608498E-006
1.608498E-006
1.607976E-006
1.607976E-006
1.607454E-006
1.609019E-006
1.607976E-006
1.609541E-006
1.608498E-006
1.609019E-006
1.606933E-006
1.608498E-006
1.607976E-006
1.609019E-006
1.608498E-006
1.607454E-006
1.609541E-006
1.607976E-006
1.608498E-006
1.608498E-006
1.609019E-006
1.606933E-006
1.609019E-006
1.609019E-006
1.608498E-006
1.608498E-006
1.608498E-006
1.607976E-006
1.607976E-006
1.607454E-006
1.609019E-006
1.607976E-006
1.608498E-006
1.607976E-006
1.607976E-006
1.608498E-006
1.607976E-006
1.607976E-006
1.608498E-006
1.607976E-006
1.607976E-006
1.607454E-006
1.607976E-006
1.609019E-006
1.607976E-006
1.607454E-006
1.607976E-006
1.607976E-006
1.607454E-006
1.609019E-006
1.609019E-006
1.608498E-006
1.609019E-006
1.607454E-006
1.607976E-006
1.606933E-006
1.608498E-006
1.607976E-006
1.608498E-006
1.607454E-006
1.608498E-006
1.608498E-006
1.607454E-006
1.607976E-006
1.608498E-006
1.607976E-006
1.607976E-006
1.607976E-006
1.607454E-006
1.608498E-006
1.609019E-006
1.606933E-006
1.607976E-006
1.606933E-006
1.607976E-006
1.608498E-006
1.609019E-006
1.607976E-006
1.607976E-006
1.607454E-006
1.606933E-006
1.607976E-006
1.608498E-006
1.607976E-006
1.608498E-006
1.607976E-006
1.607976E-006
1.608498E-006
1.607976E-006
1.608498E-006
1.607454E-006
1.607454E-006
1.607454E-006
1.606933E-006
1.605889E-006
1.607976E-006
1.606933E-006
1.607454E-006
1.606933E-006
1.607454E-006
1.606933E-006
1.607976E-006
1.605889E-006
1.607976E-006
1.607454E-006
1.606933E-006
1.607976E-006
1.607976E-006
1.606933E-006
1.607976E-006
1.606933E-006
1.607454E-006
1.608498E-006
1.607454E-006
1.606411E-006
1.606933E-006
1.606411E-006
1.607976E-006
1.606933E-006
1.606933E-006
1.606411E-006
1.607976E-006
1.606933E-006
1.605889E-006
1.607454E-006
1.607454E-006
1.607454E-006
1.606411E-006
1.608498E-006
1.605367E-006
1.607454E-006
1.605889E-006
1.607976E-006
1.607976E-006
1.607454E-006
1.607976E-006
1.606933E-006
1.606411E-006
1.606933E-006
1.606933E-006
1.607454E-006
1.606933E-006
1.606933E-006
1.607976E-006
1.606933E-006
1.607454E-006
1.606411E-006
1.605889E-006
1.605889E-006
1.607454E-006
1.605367E-006
1.606411E-006
1.605889E-006
1.607454E-006
1.607454E-006
1.606933E-006
1.606411E-006
1.606411E-006
1.606933E-006
1.606411E-006
1.606411E-006
1.606933E-006
1.606933E-006
1.605889E-006
1.606411E-006
1.605367E-006
1.606411E-006
1.607454E-006
1.605889E-006
1.606411E-006
1.606411E-006
1.606411E-006
1.606411E-006
1.606411E-006
1.606411E-006
1.606933E-006
1.606933E-006
1.606411E-006
1.606411E-006
1.606411E-006
1.606411E-006
1.606411E-006
1.607454E-006
1.606411E-006
1.607454E-006
1.606411E-006
1.605889E-006
1.606411E-006
1.606933E-006
1.606411E-006
1.606933E-006
1.606411E-006
1.605889E-006
1.606933E-006
1.605889E-006
1.606411E-006
1.606933E-006
1.607454E-006
1.604846E-006
1.606411E-006
1.605367E-006
1.607454E-006
1.606411E-006
1.606411E-006
1.606933E-006
1.605889E-006
1.606411E-006
1.606411E-006
1.606933E-006
1.606933E-006
1.607454E-006
1.607454E-006
1.606411E-006
1.606411E-006
1.605367E-006
1.604846E-006
1.606411E-006
1.605367E-006
1.605889E-006
1.606411E-006
1.606933E-006
1.606411E-006
1.606933E-006
1.606933E-006
1.606411E-006
1.606411E-006
1.605889E-006
1.606411E-006
1.605367E-006
1.605889E-006
1.606411E-006
1.606933E-006
1.606411E-006
1.606411E-006
1.606411E-006
1.605889E-006
1.606933E-006
1.605889E-006
1.605367E-006
1.605367E-006
1.606411E-006
1.604846E-006
1.605367E-006
1.606411E-006
1.605367E-006
1.605889E-006
1.605889E-006
1.605889E-006
1.605367E-006
1.604324E-006
1.605367E-006
1.605367E-006
1.605367E-006
1.605889E-006
1.605367E-006
1.606411E-006
1.604846E-006
1.605367E-006
1.605367E-006
1.605889E-006
1.605367E-006
1.605889E-006
1.605367E-006
1.605367E-006
1.605367E-006
1.605889E-006
1.605889E-006
1.604846E-006
1.606411E-006
1.604846E-006
1.604324E-006
1.604324E-006
1.605367E-006
1.604846E-006
1.604324E-006
1.605889E-006
1.606411E-006
1.605889E-006
1.604324E-006
1.605367E-006
1.605367E-006
1.604846E-006
1.604846E-006
1.604846E-006
1.604846E-006
1.604846E-006
1.604324E-006
1.604324E-006
1.605367E-006
1.605367E-006
1.605367E-006
1.604846E-006
1.605367E-006
1.604324E-006
1.604324E-006
1.603802E-006
1.603802E-006
1.605367E-006
1.604324E-006
1.605889E-006
1.604324E-006
1.604846E-006
1.603280E-006
1.604846E-006
1.603802E-006
1.604324E-006
1.604846E-006
1.604324E-006
1.605889E-006
1.604324E-006
1.603802E-006
1.603802E-006
1.605367E-006
1.604324E-006
1.604846E-006
1.603802E-006
1.604324E-006
1.602759E-006
1.604846E-006
1.604846E-006
1.604324E-006
1.603802E-006
1.604324E-006
1.604324E-006
1.604324E-006
1.604324E-006
1.603802E-006
1.603280E-006
1.604846E-006
1.603802E-006
1.603802E-006
1.604846E-006
1.604324E-006
1.604324E-006
1.604324E-006
1.604324E-006
1.604324E-006
1.603802E-006
1.604846E-006
1.604846E-006
1.604324E-006
1.604324E-006
1.604324E-006
1.605367E-006
1.603802E-006
1.603802E-006
1.604324E-006
1.604324E-006
1.603802E-006
1.604846E-006
1.604846E-006
1.604846E-006
1.604324E-006
1.604846E-006
1.604846E-006
1.603802E-006
1.603802E-006
1.604324E-006
1.604846E-006
1.604324E-006
1.603802E-006
1.603802E-006
1.603280E-006
1.603280E-006
1.604846E-006
1.604324E-006
1.605367E-006
1.604324E-006
1.603802E-006
1.603280E-006
1.603802E-006
1.603280E-006
1.603280E-006
1.604846E-006
1.603802E-006
1.603802E-006
1.603802E-006
1.603802E-006
1.603280E-006
1.603802E-006
1.603802E-006
1.603280E-006
1.603802E-006
1.603280E-006
1.603280E-006
1.602759E-006
1.603802E-006
1.603280E-006
1.604324E-006
1.603802E-006
1.603280E-006
1.602237E-006
1.604324E-006
1.602759E-006
1.603280E-006
1.604324E-006
1.603280E-006
1.603802E-006
1.604324E-006
1.602759E-006
1.603280E-006
1.603280E-006
1.603802E-006
1.603280E-006
1.603802E-006
1.603280E-006
1.603280E-006
1.603802E-006
1.603802E-006
1.604324E-006
1.604846E-006
1.604846E-006
1.604846E-006
1.603280E-006
1.604846E-006
1.604324E-006
1.603280E-006
1.603802E-006
1.603280E-006
1.604324E-006
1.603802E-006
1.603802E-006
1.604846E-006
1.603280E-006
1.602237E-006
1.603802E-006
1.603802E-006
1.603280E-006
1.604324E-006
1.604324E-006
1.603802E-006
1.603802E-006
1.603280E-006
1.603802E-006
1.604846E-006
1.603280E-006
1.604846E-006
1.602759E-006
1.602237E-006
1.603802E-006
1.603280E-006
1.603802E-006
1.604324E-006
1.603802E-006
1.603802E-006
1.603280E-006
1.603802E-006
1.604324E-006
1.602759E-006
1.603280E-006
1.602759E-006
1.603802E-006
1.603802E-006
1.602237E-006
1.603280E-006
1.603280E-006
1.603280E-006
1.603802E-006
1.604846E-006
1.602759E-006
1.602759E-006
1.603280E-006
1.603280E-006
1.603280E-006
1.603802E-006
1.603802E-006
1.603802E-006
1.602759E-006
1.604324E-006
1.603280E-006
1.602237E-006
1.603802E-006
1.603280E-006
1.604324E-006
1.603280E-006
1.602759E-006
1.603802E-006
1.602759E-006
1.602759E-006
1.603802E-006
1.602237E-006
1.601715E-006
1.601194E-006
1.603280E-006
1.603802E-006
1.603280E-006
1.603280E-006
1.603280E-006
1.603280E-006
1.602759E-006
1.603280E-006
1.603280E-006
1.602237E-006
1.602237E-006
1.603802E-006
1.603802E-006
1.602237E-006
1.603802E-006
1.602237E-006
1.603280E-006
1.601715E-006
1.602759E-006
1.603280E-006
1.603280E-006
1.602237E-006
1.602237E-006
1.603802E-006
1.603280E-006
1.603802E-006
1.602759E-006
1.602759E-006
1.602237E-006
1.603280E-006
1.603280E-006
1.602237E-006
1.601715E-006
1.601194E-006
1.602759E-006
1.603280E-006
1.603802E-006
1.602759E-006
1.603802E-006
1.602759E-006
1.603280E-006
1.601715E-006
1.602237E-006
1.601715E-006
1.602759E-006
1.603280E-006
1.602237E-006
1.603280E-006
1.602237E-006
1.604324E-006
1.602759E-006
1.603280E-006
1.603280E-006
1.603280E-006
1.601715E-006
1.602759E-006
1.603280E-006
1.602759E-006
1.601715E-006
1.602237E-006
1.603802E-006
1.603280E-006
1.602759E-006
1.602759E-006
1.603280E-006
1.603280E-006
1.603280E-006
1.601715E-006
1.602759E-006
1.602237E-006
1.601715E-006
1.603802E-006
1.603280E-006
1.603280E-006
1.602237E-006
1.603280E-006
1.602237E-006
1.602237E-006
1.601715E-006
1.602759E-006
1.602237E-006
1.601194E-006
1.602759E-006
1.603280E-006
1.602759E-006
1.602759E-006
1.602759E-006
1.603280E-006
1.602237E-006
1.602759E-006
1.602237E-006
1.602237E-006
1.602759E-006
1.603280E-006
1.602759E-006
1.603802E-006
1.602759E-006
1.602759E-006
1.602237E-006
1.603280E-006
1.600672E-006
1.602759E-006
1.602237E-006
1.603280E-006
1.603802E-006
1.603280E-006
1.603280E-006
1.602237E-006
1.601715E-006
1.602237E-006
1.603280E-006
1.603802E-006
1.602759E-006
1.603280E-006
1.603280E-006
1.602759E-006
1.603280E-006
1.602759E-006
1.603280E-006
1.601715E-006
1.602237E-006
1.603802E-006
1.601715E-006
1.602759E-006
1.602237E-006
1.603280E-006
1.602759E-006
1.603280E-006
1.603280E-006
1.603802E-006
1.603280E-006
1.602237E-006
1.603280E-006
1.602759E-006
1.602759E-006
1.602759E-006
1.602237E-006
1.602237E-006
1.602237E-006
1.602237E-006
1.602237E-006
1.603280E-006
1.601715E-006
1.602759E-006
1.602759E-006
1.601715E-006
1.602759E-006
1.602237E-006
1.602237E-006
1.601715E-006
1.603280E-006
1.601194E-006
1.602237E-006
1.603280E-006
1.602237E-006
1.602237E-006
1.602237E-006
1.602759E-006
1.600672E-006
1.602237E-006
1.602237E-006
1.601715E-006
1.601194E-006
1.602237E-006
1.602237E-006
1.601715E-006
1.602759E-006
1.602237E-006
1.602759E-006
1.601194E-006
1.602759E-006
1.602237E-006
1.602237E-006
1.601715E-006
1.602237E-006
1.603280E-006
1.602237E-006
1.603280E-006
1.602759E-006
1.602237E-006
1.602237E-006
1.602759E-006
1.602237E-006
1.601194E-006
1.602237E-006
1.601715E-006
1.602759E-006
1.602237E-006
1.601715E-006
1.602237E-006
1.601715E-006
1.601194E-006
1.602759E-006
1.601715E-006
1.602237E-006
1.601194E-006
1.602237E-006
1.600672E-006
1.601715E-006
1.601194E-006
1.602759E-006
1.602237E-006
1.600672E-006
1.602759E-006
1.600672E-006
1.602237E-006
1.601194E-006
1.602237E-006
1.601715E-006
1.602237E-006
1.600672E-006
1.601715E-006
1.601715E-006
1.602237E-006
1.601194E-006
1.602237E-006
1.601715E-006
1.602759E-006
1.601194E-006
1.601194E-006
1.600150E-006
1.602237E-006
1.602237E-006
1.601194E-006
1.601715E-006
1.601715E-006
1.601715E-006
1.602237E-006
1.602759E-006
1.600672E-006
1.601194E-006
1.601715E-006
1.601715E-006
1.601194E-006
1.601715E-006
1.602759E-006
1.600150E-006
1.602759E-006
1.602237E-006
1.601715E-006
1.601194E-006
1.601194E-006
1.602237E-006
1.602237E-006
1.600150E-006
1.602237E-006
1.600150E-006
1.601194E-006
1.602759E-006
1.600672E-006
1.601194E-006
1.602237E-006
1.602237E-006
1.601715E-006
1.603280E-006
1.601715E-006
1.601715E-006
1.601194E-006
1.601194E-006
1.601194E-006
1.601194E-006
1.600672E-006
1.600672E-006
1.601715E-006
1.601194E-006
1.601715E-006
1.600672E-006
1.601194E-006
1.601194E-006
1.601715E-006
1.601194E-006
1.601715E-006
1.601194E-006
1.601194E-006
1.601194E-006
1.600150E-006
1.600150E-006
1.600672E-006
1.600672E-006
1.600150E-006
1.601194E-006
1.601194E-006
1.600150E-006
1.601194E-006
1.602237E-006
1.601194E-006
1.601194E-006
1.601194E-006
1.601194E-006
1.600672E-006
1.601194E-006
1.601194E-006
1.601194E-006
1.600672E-006
1.601715E-006
1.602237E-006
1.601194E-006
1.601715E-006
1.601194E-006
1.601715E-006
1.600150E-006
1.601194E-006
1.600672E-006
1.600672E-006
1.600672E-006
1.600672E-006
1.600672E-006
1.600150E-006
1.600150E-006
1.600672E-006
End of Data
